0 0.360156 0.357917 0.088021 0.259167
0 0.641667 0.075417 0.052083 0.044167
0 0.604688 0.176250 0.027083 0.049167
0 0.279687 0.037083 0.041667 0.070833
0 0.154948 0.517917 0.025521 0.042500
0 0.755469 0.371250 0.023438 0.037500
0 0.819271 0.442500 0.032292 0.061667
0 0.830990 0.500833 0.017188 0.030000
0 0.830208 0.568333 0.034375 0.056667
0 0.575260 0.783750 0.039062 0.062500
0 0.607812 0.798750 0.022917 0.045833
0 0.646354 0.874583 0.021875 0.040833
0 0.722135 0.968750 0.082812 0.044167
0 0.779167 0.807500 0.019792 0.031667
0 0.122917 0.341667 0.071875 0.143333
0 0.183073 0.431250 0.019271 0.025833
0 0.250781 0.755833 0.023438 0.023333
0 0.403385 0.864167 0.017188 0.031667
