0 0.127865 0.347500 0.068229 0.106667
0 0.037500 0.453750 0.026042 0.024167
0 0.019271 0.593333 0.020833 0.038333
0 0.031250 0.564583 0.011458 0.025833
0 0.015885 0.531250 0.011979 0.024167
0 0.125000 0.498750 0.020833 0.024167
0 0.151042 0.470833 0.037500 0.033333
0 0.135156 0.422917 0.024479 0.027500
0 0.166667 0.397500 0.020833 0.028333
0 0.334115 0.497917 0.058854 0.067500
0 0.323177 0.577083 0.023438 0.034167
0 0.303906 0.604167 0.017188 0.043333
0 0.392969 0.597083 0.019271 0.040833
0 0.113802 0.677083 0.024479 0.030833
0 0.174219 0.677500 0.025521 0.041667
0 0.097656 0.571667 0.029687 0.026667
0 0.225521 0.483750 0.027083 0.040833
0 0.256771 0.351250 0.033333 0.050833
0 0.251302 0.414583 0.015104 0.024167
0 0.277083 0.460833 0.017708 0.035000
0 0.270573 0.492083 0.020313 0.022500
0 0.284115 0.520000 0.019271 0.028333
0 0.314844 0.452500 0.023438 0.031667
0 0.350521 0.458333 0.020833 0.036667
0 0.325781 0.407500 0.008854 0.015000
0 0.289062 0.375417 0.010417 0.024167
0 0.309375 0.381667 0.006250 0.013333
0 0.313542 0.391250 0.011458 0.009167
0 0.284635 0.409583 0.006771 0.017500
0 0.265885 0.405833 0.009896 0.008333
0 0.252083 0.387500 0.007292 0.013333
0 0.241146 0.389167 0.007292 0.015000
0 0.250260 0.506667 0.015104 0.026667
0 0.238542 0.588750 0.019792 0.025833
0 0.215625 0.612500 0.031250 0.038333
0 0.201302 0.643750 0.028646 0.025833
0 0.189062 0.585417 0.016667 0.022500
0 0.219010 0.568333 0.031771 0.028333
0 0.211719 0.511250 0.017188 0.020833
0 0.203125 0.535833 0.025000 0.020000
0 0.230208 0.532500 0.015625 0.028333
0 0.135937 0.555417 0.014583 0.029167
0 0.164583 0.556250 0.031250 0.022500
0 0.173698 0.526250 0.014063 0.030833
0 0.161719 0.626667 0.028646 0.045000
0 0.140625 0.597500 0.012500 0.025000
0 0.100000 0.641667 0.014583 0.016667
0 0.100781 0.608333 0.017188 0.031667
0 0.096875 0.668750 0.013542 0.014167
0 0.147135 0.670000 0.020313 0.028333
0 0.178385 0.441667 0.014063 0.015000
0 0.192188 0.489167 0.008333 0.016667
0 0.189323 0.354583 0.014063 0.015833
0 0.347917 0.543750 0.018750 0.015833
0 0.352865 0.565417 0.016146 0.015833
0 0.045052 0.412083 0.020313 0.037500
0 0.019531 0.418333 0.010937 0.028333
0 0.010156 0.478333 0.013021 0.036667
0 0.265365 0.548750 0.018229 0.032500
