0 0.486458 0.648750 0.205208 0.184167
0 0.783073 0.423333 0.055729 0.076667
0 0.887760 0.270833 0.070312 0.070000
0 0.387500 0.181667 0.034375 0.056667
0 0.364063 0.320833 0.087500 0.066667
0 0.183594 0.116250 0.034896 0.044167
0 0.256771 0.136667 0.016667 0.018333
0 0.281510 0.028333 0.024479 0.036667
0 0.148177 0.402500 0.042188 0.065000
0 0.042969 0.327917 0.084896 0.095833
0 0.097135 0.666250 0.069271 0.082500
0 0.158073 0.510417 0.045312 0.105833
0 0.261979 0.498750 0.154167 0.309167
0 0.269010 0.725417 0.063021 0.082500
0 0.166146 0.789167 0.059375 0.161667
0 0.248698 0.935417 0.095312 0.129167
0 0.520573 0.845417 0.045312 0.072500
0 0.480469 0.850000 0.015104 0.035000
0 0.502344 0.905417 0.025521 0.035833
0 0.946354 0.850417 0.015625 0.025833
0 0.921615 0.897917 0.017188 0.024167
0 0.836198 0.993333 0.027604 0.013333
0 0.716667 0.983333 0.017708 0.018333
0 0.657813 0.342917 0.010417 0.025833
