0 0.191927 0.177083 0.133854 0.212500
0 0.182292 0.488750 0.080208 0.080833
0 0.350521 0.323333 0.050000 0.088333
0 0.098698 0.792083 0.196354 0.362500
0 0.530208 0.347500 0.314583 0.546667
0 0.619792 0.037083 0.243750 0.070833
0 0.722917 0.133750 0.079167 0.130833
0 0.527865 0.813750 0.242188 0.372500
0 0.733333 0.723750 0.050000 0.080833
0 0.810677 0.947500 0.057813 0.103333
0 0.783594 0.768333 0.028646 0.048333
0 0.804427 0.795000 0.030729 0.045000
0 0.848958 0.634167 0.030208 0.061667
0 0.803125 0.499583 0.054167 0.157500
0 0.847917 0.237500 0.034375 0.078333
0 0.874479 0.154167 0.039583 0.071667
0 0.895573 0.088750 0.033854 0.067500
0 0.933594 0.086250 0.036979 0.070833
0 0.899479 0.022083 0.031250 0.040833
0 0.961198 0.449583 0.021354 0.037500
0 0.857552 0.459583 0.022396 0.030833
0 0.866667 0.408750 0.023958 0.035833
0 0.873958 0.317500 0.018750 0.025000
0 0.910937 0.320417 0.019792 0.040833
0 0.848437 0.772917 0.013542 0.032500
0 0.869010 0.802500 0.016146 0.033333
0 0.845313 0.569583 0.013542 0.034167
0 0.724479 0.298750 0.017708 0.032500
0 0.716927 0.377917 0.027604 0.052500
0 0.701042 0.481250 0.013542 0.034167
0 0.322396 0.025000 0.018750 0.030000
0 0.388021 0.339583 0.015625 0.037500
0 0.531510 0.593333 0.038021 0.066667
0 0.565104 0.702917 0.039583 0.089167
0 0.428906 0.667917 0.055729 0.115833
