0 0.593229 0.810833 0.052083 0.065000
0 0.648438 0.730417 0.017708 0.024167
0 0.480208 0.835417 0.023958 0.015833
0 0.340104 0.094583 0.016667 0.025833
0 0.283594 0.137083 0.018229 0.029167
0 0.215625 0.425833 0.015625 0.021667
0 0.025521 0.609583 0.019792 0.030833
0 0.036458 0.946250 0.020833 0.027500
0 0.793750 0.290000 0.015625 0.033333
0 0.795312 0.385417 0.019792 0.019167
0 0.976562 0.055833 0.021875 0.036667
0 0.853385 0.387083 0.018229 0.015833
0 0.616667 0.655000 0.018750 0.026667
0 0.465365 0.260417 0.024479 0.015833
0 0.502083 0.234167 0.013542 0.026667
0 0.339583 0.266667 0.010417 0.025000
0 0.341667 0.320833 0.009375 0.013333
0 0.425000 0.384583 0.009375 0.017500
0 0.476302 0.334583 0.008854 0.019167
0 0.564323 0.295000 0.016146 0.018333
0 0.666146 0.946667 0.013542 0.021667
0 0.069271 0.365000 0.006250 0.010000
0 0.101302 0.285000 0.008854 0.016667
0 0.020573 0.117083 0.018229 0.015833
