0 0.043490 0.908333 0.085938 0.106667
0 0.034375 0.983333 0.048958 0.031667
0 0.519531 0.927500 0.041146 0.055000
0 0.515885 0.986667 0.030729 0.026667
0 0.550781 0.987917 0.021354 0.024167
0 0.596875 0.939583 0.009375 0.020833
0 0.622656 0.717917 0.066146 0.094167
0 0.665625 0.817917 0.069792 0.072500
0 0.706250 0.707500 0.023958 0.046667
0 0.680208 0.659167 0.032292 0.048333
0 0.595313 0.592083 0.045833 0.077500
0 0.816667 0.510000 0.022917 0.050000
0 0.901563 0.738750 0.064583 0.137500
0 0.936198 0.881250 0.064062 0.104167
0 0.958854 0.721667 0.030208 0.051667
0 0.705469 0.192917 0.035937 0.077500
0 0.849479 0.137917 0.034375 0.032500
0 0.936458 0.126250 0.021875 0.060833
0 0.168229 0.541250 0.014583 0.019167
0 0.279948 0.726667 0.009896 0.026667
0 0.222917 0.757917 0.019792 0.027500
0 0.287500 0.775417 0.013542 0.019167
0 0.364844 0.855417 0.036979 0.022500
0 0.398958 0.900000 0.023958 0.020000
0 0.326042 0.842917 0.017708 0.019167
0 0.761719 0.839167 0.022396 0.026667
