0 0.907031 0.290833 0.117188 0.071667
0 0.983594 0.341667 0.032813 0.145000
0 0.792708 0.388750 0.053125 0.197500
0 0.651042 0.277500 0.034375 0.065000
0 0.629948 0.329167 0.099479 0.061667
0 0.701302 0.359583 0.021354 0.049167
0 0.564844 0.613333 0.113021 0.103333
0 0.655469 0.516667 0.022396 0.055000
0 0.523438 0.392083 0.026042 0.039167
0 0.330990 0.294583 0.032813 0.042500
0 0.254688 0.428750 0.080208 0.094167
0 0.206771 0.642917 0.052083 0.052500
0 0.286198 0.547500 0.013021 0.036667
0 0.361458 0.498333 0.025000 0.050000
0 0.308073 0.517083 0.026562 0.047500
0 0.097917 0.787083 0.042708 0.112500
0 0.102604 0.424167 0.015625 0.035000
0 0.080469 0.444583 0.017188 0.022500
0 0.112240 0.482083 0.014063 0.025833
0 0.125260 0.547917 0.015104 0.024167
0 0.166406 0.874167 0.009896 0.016667
0 0.450521 0.381250 0.008333 0.014167
0 0.542188 0.262917 0.008333 0.012500
0 0.566667 0.257083 0.006250 0.017500
0 0.559635 0.305417 0.006771 0.024167
0 0.551302 0.274167 0.006771 0.015000
