0 0.296094 0.506250 0.042188 0.074167
0 0.219792 0.522917 0.051042 0.080833
0 0.641927 0.429167 0.058854 0.078333
0 0.545052 0.618333 0.041146 0.068333
0 0.643490 0.533750 0.021354 0.075833
0 0.442708 0.123750 0.030208 0.052500
0 0.540104 0.275833 0.028125 0.035000
0 0.627344 0.295000 0.041146 0.083333
0 0.597656 0.151667 0.020313 0.085000
0 0.667448 0.131667 0.028646 0.048333
0 0.751302 0.108333 0.072396 0.041667
0 0.926042 0.276250 0.057292 0.099167
0 0.885938 0.362500 0.027083 0.038333
0 0.840625 0.406667 0.013542 0.028333
0 0.836719 0.445000 0.020313 0.033333
0 0.064583 0.057500 0.027083 0.026667
0 0.125260 0.208750 0.031771 0.044167
0 0.198958 0.187083 0.019792 0.037500
0 0.351302 0.291250 0.018229 0.040833
0 0.460156 0.223333 0.064062 0.125000
0 0.497396 0.297917 0.042708 0.055833
0 0.464844 0.370417 0.026562 0.037500
0 0.441667 0.387917 0.014583 0.022500
0 0.544271 0.520000 0.022917 0.035000
0 0.596354 0.523750 0.015625 0.025833
0 0.222135 0.684167 0.020313 0.066667
0 0.198437 0.692917 0.022917 0.044167
0 0.178125 0.699583 0.013542 0.029167
0 0.061198 0.590000 0.021354 0.035000
0 0.098698 0.532083 0.019271 0.044167
0 0.122135 0.419583 0.016146 0.037500
0 0.102865 0.345000 0.030729 0.055000
0 0.175781 0.389167 0.021354 0.030000
0 0.295573 0.433333 0.019271 0.025000
0 0.378906 0.832083 0.051562 0.040833
0 0.515625 0.770417 0.028125 0.055833
0 0.690104 0.678333 0.035417 0.048333
0 0.738021 0.700000 0.019792 0.063333
0 0.734115 0.795417 0.039062 0.032500
0 0.353385 0.973333 0.035937 0.053333
0 0.390365 0.976667 0.024479 0.045000
0 0.340625 0.850417 0.025000 0.035833
0 0.303385 0.918750 0.014063 0.034167
0 0.122917 0.893333 0.014583 0.046667
0 0.191667 0.924167 0.014583 0.033333
0 0.120313 0.755000 0.015625 0.025000
0 0.328646 0.646250 0.016667 0.030833
0 0.355208 0.600417 0.014583 0.032500
0 0.402865 0.773333 0.023438 0.035000
0 0.361979 0.055000 0.029167 0.058333
0 0.362240 0.151667 0.015104 0.033333
0 0.173958 0.107083 0.010417 0.022500
0 0.161979 0.076250 0.013542 0.024167
0 0.052083 0.515000 0.018750 0.026667
0 0.015104 0.527500 0.012500 0.021667
0 0.076563 0.652083 0.016667 0.025833
0 0.007031 0.764167 0.010937 0.025000
0 0.145833 0.719583 0.013542 0.022500
0 0.462240 0.525417 0.017188 0.027500
0 0.534635 0.404583 0.010937 0.035833
0 0.565365 0.389167 0.011979 0.036667
0 0.591667 0.428750 0.012500 0.032500
0 0.584375 0.318333 0.015625 0.023333
0 0.717187 0.360000 0.020833 0.028333
0 0.819531 0.291250 0.010937 0.034167
0 0.982031 0.315833 0.022396 0.065000
0 0.805208 0.521667 0.026042 0.038333
0 0.990104 0.693333 0.019792 0.048333
0 0.988021 0.899583 0.023958 0.047500
0 0.852604 0.982917 0.056250 0.034167
0 0.781250 0.947917 0.032292 0.025833
0 0.732292 0.976667 0.019792 0.025000
0 0.433073 0.898750 0.058854 0.040833
0 0.492188 0.868333 0.018750 0.033333
0 0.538281 0.738333 0.017188 0.040000
0 0.508854 0.061667 0.035417 0.075000
0 0.561198 0.015833 0.036979 0.030000
0 0.442969 0.011667 0.023438 0.021667
0 0.869792 0.167083 0.036458 0.065833
0 0.879948 0.093750 0.022396 0.032500
0 0.867708 0.037500 0.125000 0.071667
0 0.682031 0.268750 0.024479 0.034167
0 0.708594 0.253333 0.022396 0.028333
0 0.394010 0.405833 0.020313 0.025000
0 0.024479 0.743333 0.010417 0.028333
0 0.575781 0.774583 0.019271 0.029167
0 0.116667 0.017083 0.017708 0.027500
0 0.426042 0.652083 0.011458 0.020833
0 0.713802 0.590833 0.021354 0.028333
0 0.722656 0.622917 0.017188 0.020833
0 0.680469 0.639583 0.025521 0.040833
0 0.771615 0.796250 0.021354 0.025833
0 0.771615 0.821250 0.015104 0.020833
0 0.711719 0.842500 0.017188 0.020000
0 0.248177 0.983750 0.011979 0.019167
0 0.802083 0.231250 0.012500 0.025833
0 0.813542 0.214167 0.008333 0.020000
0 0.819010 0.240000 0.010937 0.013333
