0 0.392188 0.415417 0.109375 0.099167
0 0.477344 0.350417 0.020313 0.044167
0 0.487240 0.303750 0.013021 0.029167
0 0.505729 0.328333 0.013542 0.021667
0 0.283073 0.450833 0.045312 0.030000
0 0.284635 0.413750 0.020313 0.032500
0 0.247917 0.411667 0.014583 0.021667
0 0.262240 0.399167 0.016146 0.016667
0 0.560937 0.562500 0.026042 0.041667
0 0.597135 0.556667 0.025521 0.046667
0 0.634635 0.467083 0.026562 0.047500
0 0.714323 0.398750 0.035937 0.032500
0 0.255729 0.746250 0.092708 0.215833
0 0.063542 0.729167 0.057292 0.038333
0 0.423698 0.513333 0.044271 0.048333
0 0.419010 0.548750 0.013021 0.024167
0 0.016927 0.565833 0.032813 0.050000
0 0.015885 0.780417 0.030729 0.104167
0 0.057031 0.851667 0.023438 0.046667
0 0.098177 0.989583 0.047396 0.020833
0 0.089063 0.791250 0.017708 0.045833
0 0.140885 0.777083 0.069271 0.090833
0 0.250260 0.982917 0.023438 0.034167
0 0.294271 0.988333 0.014583 0.023333
0 0.271354 0.984167 0.014583 0.026667
0 0.341146 0.959583 0.057292 0.080833
0 0.456510 0.880000 0.145313 0.120000
0 0.452604 0.799167 0.012500 0.033333
0 0.440365 0.777500 0.010937 0.028333
0 0.459635 0.769583 0.010937 0.027500
0 0.456771 0.962500 0.026042 0.056667
0 0.508333 0.974167 0.016667 0.028333
0 0.602344 0.964167 0.019271 0.038333
0 0.638802 0.966667 0.049479 0.066667
0 0.596354 0.993750 0.015625 0.012500
0 0.616146 0.920417 0.014583 0.034167
0 0.710677 0.965833 0.060937 0.068333
0 0.713542 0.887917 0.018750 0.047500
0 0.736458 0.892083 0.021875 0.024167
0 0.854688 0.847083 0.290625 0.305833
0 0.109635 0.400833 0.033854 0.036667
0 0.168490 0.484167 0.115104 0.126667
0 0.122656 0.562917 0.032813 0.065833
0 0.061719 0.615000 0.031771 0.040000
0 0.152604 0.578333 0.016667 0.018333
0 0.025000 0.699167 0.020833 0.018333
0 0.047135 0.253750 0.093229 0.087500
0 0.188542 0.257917 0.020833 0.035833
0 0.220312 0.352500 0.022917 0.026667
0 0.182292 0.377917 0.017708 0.014167
0 0.238021 0.309167 0.019792 0.013333
0 0.304948 0.277083 0.114062 0.157500
0 0.395313 0.191250 0.042708 0.032500
0 0.480208 0.192500 0.018750 0.031667
0 0.465104 0.106250 0.028125 0.054167
0 0.214323 0.175417 0.033854 0.035833
0 0.158333 0.264167 0.027083 0.036667
0 0.121354 0.273750 0.014583 0.039167
0 0.179427 0.182917 0.015104 0.019167
0 0.089583 0.167917 0.084375 0.084167
0 0.164323 0.085833 0.220312 0.156667
0 0.302344 0.057500 0.066146 0.085000
0 0.398438 0.079167 0.102083 0.155000
0 0.426042 0.093750 0.039583 0.045833
0 0.580469 0.427917 0.014063 0.035833
0 0.610677 0.395000 0.015104 0.046667
0 0.641146 0.385833 0.014583 0.033333
0 0.638281 0.347083 0.018229 0.024167
0 0.709635 0.010833 0.023438 0.020000
0 0.740885 0.092500 0.007812 0.020000
0 0.917969 0.060000 0.027604 0.055000
0 0.971615 0.053333 0.030729 0.031667
0 0.877604 0.121667 0.016667 0.041667
0 0.916667 0.168333 0.015625 0.028333
0 0.985417 0.231667 0.029167 0.056667
0 0.939583 0.322917 0.090625 0.260833
0 0.890365 0.406667 0.032813 0.043333
0 0.842708 0.364167 0.041667 0.091667
0 0.784635 0.297500 0.022396 0.038333
0 0.764062 0.379167 0.019792 0.031667
0 0.801562 0.372083 0.020833 0.065833
0 0.788802 0.403750 0.023438 0.037500
0 0.811719 0.418333 0.015104 0.026667
0 0.853646 0.449583 0.022917 0.030833
0 0.983073 0.546250 0.033854 0.062500
0 0.991406 0.629583 0.017188 0.035833
0 0.958333 0.586250 0.028125 0.047500
0 0.935417 0.540833 0.016667 0.023333
0 0.919010 0.613333 0.010937 0.026667
0 0.890365 0.616667 0.029687 0.036667
0 0.892448 0.556250 0.030729 0.062500
0 0.872917 0.527500 0.014583 0.033333
0 0.838542 0.568750 0.061458 0.117500
0 0.776042 0.625417 0.058333 0.130833
0 0.705208 0.545833 0.078125 0.060000
0 0.728906 0.475417 0.024479 0.050833
0 0.697917 0.498750 0.066667 0.044167
0 0.754948 0.489167 0.016146 0.025000
0 0.787500 0.515833 0.015625 0.038333
0 0.557031 0.636667 0.014063 0.035000
0 0.627865 0.697083 0.011979 0.017500
0 0.539844 0.602083 0.008854 0.025833
0 0.774740 0.234583 0.010937 0.024167
0 0.272396 0.875417 0.014583 0.024167
0 0.243490 0.886667 0.010937 0.013333
