0 0.360677 0.491250 0.048438 0.099167
0 0.545312 0.317083 0.031250 0.054167
0 0.530729 0.160417 0.025000 0.034167
0 0.652604 0.155000 0.017708 0.040000
0 0.889583 0.015000 0.045833 0.028333
0 0.044792 0.397500 0.034375 0.063333
0 0.194271 0.445833 0.028125 0.046667
0 0.224219 0.482500 0.017188 0.033333
0 0.087240 0.938333 0.052604 0.088333
0 0.041146 0.925000 0.033333 0.063333
0 0.209635 0.855417 0.025521 0.042500
0 0.324219 0.722500 0.067187 0.098333
0 0.247396 0.700417 0.027083 0.047500
0 0.239583 0.643333 0.018750 0.033333
0 0.263802 0.767917 0.015104 0.035833
0 0.403385 0.735833 0.020313 0.045000
0 0.463802 0.722083 0.097396 0.115833
0 0.539844 0.730000 0.057813 0.118333
0 0.503906 0.607083 0.078646 0.094167
0 0.526563 0.501667 0.035417 0.043333
0 0.532552 0.847500 0.010937 0.026667
