0 0.463021 0.361667 0.071875 0.118333
0 0.588021 0.451250 0.047917 0.080833
0 0.554167 0.297500 0.058333 0.066667
0 0.889062 0.058333 0.025000 0.053333
0 0.209896 0.318333 0.075000 0.223333
0 0.136458 0.361667 0.065625 0.055000
0 0.012240 0.619167 0.023438 0.091667
0 0.346354 0.866667 0.042708 0.043333
0 0.428646 0.818750 0.023958 0.045833
0 0.521615 0.877083 0.099479 0.085833
0 0.467187 0.923750 0.041667 0.037500
0 0.670312 0.926250 0.101042 0.147500
0 0.770052 0.955000 0.020313 0.036667
0 0.994531 0.792500 0.010937 0.038333
0 0.066927 0.527500 0.023438 0.036667
0 0.044531 0.252500 0.021354 0.040000
0 0.127083 0.287917 0.034375 0.037500
0 0.324219 0.300417 0.015104 0.035833
0 0.540365 0.150000 0.021354 0.030000
0 0.534375 0.186667 0.016667 0.020000
0 0.540625 0.217083 0.012500 0.027500
0 0.026823 0.345833 0.015104 0.021667
