0 0.941406 0.867917 0.046354 0.082500
0 0.973437 0.895833 0.012500 0.028333
0 0.879427 0.749167 0.016146 0.043333
0 0.927865 0.468750 0.014063 0.024167
0 0.804948 0.037917 0.040104 0.067500
0 0.810937 0.901250 0.041667 0.060833
0 0.827604 0.849167 0.019792 0.028333
0 0.686979 0.965833 0.019792 0.031667
0 0.389583 0.812500 0.032292 0.035000
0 0.301563 0.760000 0.062500 0.080000
0 0.347396 0.693333 0.020833 0.020000
0 0.376563 0.747500 0.016667 0.036667
0 0.348698 0.737500 0.014063 0.016667
0 0.336979 0.845833 0.010417 0.020000
0 0.240885 0.552500 0.015104 0.033333
0 0.161198 0.549167 0.015104 0.025000
0 0.061979 0.575833 0.017708 0.031667
0 0.105469 0.982500 0.014063 0.016667
0 0.081771 0.961667 0.012500 0.021667
0 0.364583 0.368750 0.033333 0.045833
0 0.396615 0.376667 0.019271 0.035000
0 0.445573 0.430000 0.029687 0.070000
0 0.349219 0.162500 0.036979 0.086667
0 0.545833 0.168750 0.023958 0.090833
0 0.170313 0.027083 0.028125 0.034167
0 0.095833 0.021250 0.040625 0.039167
0 0.550781 0.348333 0.093229 0.075000
0 0.490104 0.455833 0.072917 0.128333
0 0.546615 0.406667 0.052604 0.051667
