0 0.616667 0.560000 0.057292 0.116667
0 0.629167 0.666667 0.029167 0.056667
0 0.547656 0.743333 0.114062 0.150000
0 0.402344 0.732083 0.146354 0.165833
0 0.150521 0.567083 0.083333 0.194167
0 0.193750 0.730417 0.047917 0.125833
0 0.278125 0.748750 0.059375 0.087500
0 0.263542 0.840833 0.030208 0.036667
0 0.092188 0.794583 0.040625 0.035833
0 0.055208 0.778333 0.017708 0.021667
0 0.326823 0.849583 0.018229 0.034167
0 0.357552 0.906250 0.031771 0.114167
0 0.626823 0.990417 0.032813 0.019167
0 0.667969 0.975000 0.010937 0.020000
0 0.655990 0.805417 0.013021 0.024167
0 0.856771 0.865000 0.029167 0.073333
0 0.884635 0.831250 0.019271 0.042500
0 0.908594 0.954583 0.052604 0.090833
0 0.992188 0.879583 0.015625 0.037500
0 0.321875 0.447917 0.021875 0.030833
0 0.381771 0.478333 0.020833 0.050000
0 0.415625 0.592083 0.042708 0.017500
0 0.343490 0.547917 0.015104 0.035833
0 0.246615 0.353750 0.015104 0.042500
0 0.281250 0.338750 0.023958 0.039167
0 0.286719 0.382083 0.014063 0.030833
0 0.225260 0.354583 0.009896 0.024167
0 0.300260 0.301667 0.019271 0.036667
0 0.544531 0.291667 0.020313 0.073333
0 0.567708 0.314583 0.018750 0.039167
0 0.573698 0.360417 0.017188 0.040833
0 0.644792 0.311667 0.053125 0.096667
0 0.655208 0.266667 0.032292 0.050000
0 0.663542 0.112917 0.017708 0.035833
0 0.660156 0.077500 0.017188 0.023333
0 0.580729 0.039583 0.010417 0.017500
0 0.702865 0.237917 0.033854 0.089167
0 0.736719 0.143750 0.138021 0.214167
0 0.828906 0.114583 0.040104 0.099167
0 0.811458 0.227500 0.052083 0.111667
0 0.862500 0.232917 0.040625 0.159167
0 0.880208 0.303750 0.020833 0.022500
0 0.933073 0.218333 0.031771 0.040000
0 0.957292 0.237083 0.011458 0.027500
0 0.923958 0.094583 0.151042 0.180833
0 0.855469 0.015417 0.030729 0.029167
0 0.925521 0.362083 0.053125 0.070833
0 0.914583 0.306667 0.021875 0.021667
0 0.721354 0.063333 0.026042 0.055000
0 0.850521 0.371250 0.042708 0.082500
0 0.432552 0.457083 0.016146 0.032500
0 0.989583 0.370833 0.020833 0.101667
0 0.917188 0.469167 0.070833 0.100000
0 0.869531 0.440833 0.023438 0.031667
0 0.858333 0.577083 0.107292 0.239167
0 0.806771 0.548750 0.014583 0.047500
0 0.942187 0.848750 0.011458 0.060833
0 0.761458 0.871250 0.009375 0.025833
0 0.763021 0.917917 0.013542 0.017500
0 0.475260 0.490000 0.005729 0.020000
0 0.332292 0.100417 0.013542 0.020833
0 0.594010 0.119167 0.015104 0.035000
0 0.627083 0.049583 0.011458 0.032500
0 0.644531 0.054583 0.009896 0.014167
0 0.284115 0.888333 0.031771 0.030000
0 0.875260 0.926667 0.010937 0.030000
0 0.298958 0.246250 0.017708 0.020833
