0 0.309375 0.551667 0.034375 0.060000
0 0.639583 0.798750 0.154167 0.097500
0 0.515104 0.717500 0.028125 0.043333
0 0.715104 0.357917 0.127083 0.160833
0 0.645833 0.111667 0.169792 0.213333
0 0.897917 0.074583 0.083333 0.084167
0 0.918229 0.142500 0.034375 0.048333
0 0.900260 0.344583 0.024479 0.047500
0 0.894792 0.528333 0.037500 0.113333
0 0.965104 0.478750 0.017708 0.045833
0 0.762500 0.621667 0.061458 0.208333
0 0.814063 0.569167 0.025000 0.093333
0 0.858594 0.747917 0.117188 0.125833
0 0.926562 0.856667 0.063542 0.073333
0 0.968490 0.911250 0.039062 0.062500
0 0.976562 0.970417 0.041667 0.039167
0 0.396875 0.984583 0.046875 0.030833
0 0.267448 0.180833 0.043229 0.091667
0 0.222917 0.085000 0.029167 0.023333
0 0.297396 0.784583 0.032292 0.050833
0 0.089844 0.976667 0.028646 0.046667
0 0.149219 0.948750 0.020313 0.025833
0 0.142708 0.977500 0.019792 0.026667
0 0.018490 0.692917 0.035937 0.089167
0 0.346094 0.915833 0.018229 0.033333
0 0.437240 0.767500 0.016146 0.030000
0 0.301302 0.045417 0.027604 0.025833
0 0.974219 0.835833 0.022396 0.030000
0 0.222656 0.039583 0.032813 0.030833
0 0.197135 0.115000 0.024479 0.026667
0 0.424479 0.465000 0.102083 0.180000
0 0.577865 0.441250 0.036979 0.112500
0 0.053125 0.614583 0.015625 0.027500
0 0.139323 0.598333 0.020313 0.023333
0 0.167187 0.377083 0.011458 0.017500
0 0.154948 0.146667 0.013021 0.023333
0 0.173958 0.045417 0.018750 0.037500
0 0.197396 0.056667 0.009375 0.026667
0 0.265104 0.039167 0.012500 0.025000
0 0.073438 0.225000 0.016667 0.030000
0 0.107813 0.178750 0.013542 0.030833
0 0.123438 0.534167 0.014583 0.020000
0 0.088542 0.930417 0.021875 0.029167
0 0.174740 0.970833 0.016146 0.016667
0 0.233854 0.797500 0.009375 0.030000
0 0.651823 0.691667 0.021354 0.030000
0 0.835677 0.988333 0.017188 0.023333
0 0.686719 0.695000 0.019271 0.036667
0 0.694010 0.664167 0.023438 0.026667
0 0.517708 0.583750 0.038542 0.070833
