0 0.398177 0.365833 0.041146 0.098333
0 0.660677 0.055417 0.065104 0.089167
0 0.842187 0.107917 0.041667 0.195833
0 0.899479 0.160417 0.044792 0.065833
0 0.788281 0.502917 0.046354 0.054167
0 0.783854 0.835417 0.023958 0.034167
0 0.497656 0.350417 0.024479 0.042500
0 0.140365 0.097917 0.030729 0.080833
0 0.122656 0.286250 0.023438 0.045833
0 0.153125 0.229167 0.046875 0.055000
0 0.100521 0.556667 0.025000 0.038333
0 0.096354 0.632917 0.019792 0.025833
0 0.129167 0.654583 0.027083 0.034167
0 0.046875 0.655417 0.023958 0.024167
0 0.279948 0.422500 0.024479 0.061667
0 0.303125 0.427917 0.016667 0.032500
0 0.394792 0.078750 0.019792 0.020833
0 0.273438 0.115833 0.016667 0.026667
0 0.646094 0.878333 0.018229 0.036667
0 0.425000 0.849583 0.014583 0.029167
