0 0.324740 0.975833 0.100521 0.048333
0 0.219531 0.742083 0.027604 0.030833
0 0.325260 0.695417 0.017188 0.032500
0 0.143490 0.927083 0.019271 0.022500
0 0.127344 0.834583 0.014063 0.020833
0 0.200000 0.874583 0.012500 0.012500
0 0.195573 0.931667 0.014063 0.015000
0 0.232813 0.870417 0.007292 0.027500
0 0.304688 0.791667 0.011458 0.015000
0 0.374479 0.875833 0.013542 0.015000
0 0.019531 0.560833 0.038021 0.056667
0 0.021094 0.489583 0.018229 0.025833
0 0.146875 0.303333 0.019792 0.020000
0 0.227344 0.381667 0.026562 0.043333
0 0.211458 0.132500 0.039583 0.058333
0 0.307031 0.227917 0.023438 0.030833
0 0.322656 0.201667 0.017188 0.035000
0 0.288281 0.128333 0.017188 0.051667
0 0.247656 0.036250 0.021354 0.044167
0 0.317969 0.157500 0.009896 0.023333
0 0.356771 0.107500 0.048958 0.063333
0 0.345313 0.013333 0.035417 0.025000
0 0.323437 0.051667 0.018750 0.021667
0 0.274740 0.012500 0.015104 0.023333
0 0.396094 0.065833 0.026562 0.036667
0 0.425781 0.033333 0.019271 0.030000
0 0.407813 0.122083 0.031250 0.042500
0 0.416406 0.168750 0.018229 0.060833
0 0.395833 0.212917 0.025000 0.025833
0 0.360156 0.269167 0.029687 0.060000
0 0.385156 0.265417 0.021354 0.027500
0 0.391406 0.309167 0.022396 0.041667
0 0.378906 0.352917 0.010937 0.029167
0 0.400260 0.362500 0.016146 0.028333
0 0.409896 0.465000 0.016667 0.020000
0 0.292187 0.462500 0.013542 0.023333
0 0.109896 0.500417 0.011458 0.019167
0 0.401302 0.635417 0.020313 0.025833
0 0.424740 0.670000 0.015104 0.021667
0 0.457552 0.676667 0.010937 0.028333
0 0.344531 0.703750 0.014063 0.029167
0 0.502083 0.582083 0.015625 0.030833
0 0.527083 0.585833 0.023958 0.048333
0 0.536979 0.641250 0.014583 0.020833
0 0.567448 0.647500 0.010937 0.028333
0 0.601302 0.685417 0.011979 0.030833
0 0.586198 0.771667 0.019271 0.021667
0 0.663281 0.780833 0.038021 0.038333
0 0.811458 0.892917 0.020833 0.064167
0 0.679167 0.877083 0.011458 0.029167
0 0.710417 0.984167 0.021875 0.031667
0 0.734635 0.935000 0.018229 0.023333
0 0.718750 0.556667 0.012500 0.030000
0 0.666927 0.336667 0.032813 0.066667
0 0.696615 0.295833 0.030729 0.043333
0 0.741406 0.259583 0.042188 0.040833
0 0.692708 0.250833 0.014583 0.020000
0 0.762240 0.226250 0.028646 0.032500
0 0.772656 0.172500 0.026562 0.050000
0 0.813802 0.182083 0.040104 0.049167
0 0.797396 0.078333 0.058333 0.071667
0 0.777083 0.129583 0.011458 0.025833
0 0.741406 0.196667 0.013021 0.020000
0 0.857292 0.867917 0.009375 0.020833
0 0.574479 0.507917 0.014583 0.032500
0 0.550781 0.469167 0.021354 0.021667
0 0.461979 0.480833 0.017708 0.025000
0 0.019271 0.134583 0.013542 0.019167
