0 0.532552 0.412917 0.048438 0.100833
0 0.705729 0.347083 0.036458 0.107500
0 0.815885 0.303750 0.024479 0.054167
0 0.839583 0.278333 0.015625 0.038333
0 0.967448 0.219583 0.013021 0.030833
0 0.987500 0.287500 0.025000 0.030000
0 0.807031 0.433750 0.027604 0.047500
0 0.683854 0.483750 0.030208 0.062500
0 0.818229 0.496250 0.031250 0.040833
0 0.719271 0.515417 0.022917 0.030833
0 0.722917 0.563750 0.030208 0.039167
0 0.085156 0.390000 0.047396 0.056667
0 0.161458 0.147083 0.034375 0.047500
0 0.080208 0.157500 0.028125 0.035000
0 0.111719 0.180417 0.011979 0.032500
0 0.129167 0.139167 0.009375 0.016667
0 0.159375 0.436250 0.015625 0.022500
0 0.030469 0.428333 0.010937 0.021667
0 0.591146 0.831250 0.026042 0.059167
0 0.613021 0.835417 0.034375 0.079167
0 0.672396 0.804167 0.016667 0.025000
0 0.687760 0.758750 0.013021 0.024167
0 0.754427 0.791250 0.014063 0.042500
0 0.830729 0.629583 0.029167 0.040833
0 0.755208 0.629583 0.017708 0.022500
0 0.866667 0.647917 0.019792 0.024167
0 0.891406 0.681667 0.030729 0.050000
0 0.919010 0.652083 0.055729 0.065833
0 0.926562 0.610417 0.021875 0.024167
0 0.973437 0.549583 0.018750 0.027500
0 0.959375 0.699583 0.026042 0.050833
0 0.989583 0.687917 0.020833 0.080833
0 0.852083 0.960417 0.045833 0.079167
0 0.728125 0.882500 0.027083 0.035000
0 0.673698 0.969167 0.124479 0.061667
0 0.745313 0.939167 0.045833 0.050000
0 0.789323 0.939583 0.019271 0.075833
0 0.772396 0.894167 0.016667 0.026667
0 0.902865 0.527083 0.016146 0.050833
0 0.623958 0.085833 0.021875 0.030000
