0 0.314063 0.313750 0.053125 0.099167
0 0.261458 0.485000 0.033333 0.045000
0 0.445573 0.408333 0.029687 0.030000
0 0.455990 0.350833 0.019271 0.031667
0 0.680208 0.342500 0.022917 0.031667
0 0.704688 0.373333 0.023958 0.026667
0 0.739062 0.407500 0.012500 0.020000
0 0.977344 0.362500 0.027604 0.028333
0 0.660417 0.117083 0.021875 0.030833
0 0.801562 0.152500 0.018750 0.038333
0 0.851823 0.162917 0.015104 0.030833
0 0.025000 0.424167 0.047917 0.053333
0 0.015104 0.544167 0.029167 0.065000
0 0.009635 0.629583 0.018229 0.057500
0 0.110677 0.551667 0.031771 0.023333
0 0.127604 0.581250 0.022917 0.025833
0 0.151042 0.572083 0.015625 0.027500
0 0.211198 0.562083 0.032813 0.044167
0 0.272917 0.676250 0.042708 0.039167
0 0.244792 0.701250 0.026042 0.032500
0 0.161458 0.786667 0.021875 0.066667
0 0.123177 0.895417 0.029687 0.040833
0 0.076563 0.910000 0.046875 0.073333
0 0.241667 0.975833 0.031250 0.048333
0 0.087760 0.824167 0.029687 0.050000
0 0.054688 0.809583 0.027083 0.065833
0 0.119271 0.771250 0.029167 0.039167
0 0.122135 0.810417 0.013021 0.020833
0 0.126302 0.848750 0.016146 0.020833
0 0.134896 0.719167 0.018750 0.035000
0 0.156510 0.842083 0.016146 0.019167
0 0.146615 0.415833 0.026562 0.038333
0 0.074219 0.460417 0.033854 0.042500
0 0.207552 0.459167 0.019271 0.025000
0 0.158594 0.495417 0.013021 0.019167
0 0.107031 0.398750 0.016146 0.027500
0 0.246875 0.394167 0.018750 0.031667
0 0.320312 0.417500 0.033333 0.035000
0 0.825521 0.917083 0.035417 0.069167
0 0.839063 0.871250 0.026042 0.047500
0 0.730208 0.926250 0.030208 0.047500
0 0.650000 0.927917 0.016667 0.032500
0 0.600781 0.968333 0.027604 0.045000
0 0.720573 0.685833 0.014063 0.033333
0 0.884635 0.570833 0.023438 0.025000
0 0.834115 0.512083 0.015104 0.029167
0 0.810417 0.769167 0.010417 0.030000
0 0.729167 0.967500 0.017708 0.023333
0 0.585156 0.355000 0.010937 0.023333
0 0.699740 0.535000 0.023438 0.068333
0 0.392188 0.667500 0.008333 0.015000
0 0.432552 0.559167 0.010937 0.018333
0 0.243750 0.772500 0.011458 0.021667
0 0.255990 0.097917 0.024479 0.029167
0 0.371094 0.012500 0.024479 0.016667
0 0.477604 0.006667 0.017708 0.010000
0 0.490625 0.025000 0.005208 0.011667
0 0.558594 0.125417 0.010937 0.015833
0 0.535417 0.422917 0.052083 0.070833
0 0.010937 0.340000 0.020833 0.040000
0 0.592969 0.587917 0.011979 0.017500
0 0.570573 0.370000 0.008854 0.020000
