0 0.158333 0.098750 0.109375 0.179167
0 0.142187 0.358333 0.096875 0.206667
0 0.111458 0.490417 0.022917 0.019167
0 0.186458 0.602917 0.043750 0.050833
0 0.297396 0.301250 0.027083 0.035833
0 0.457292 0.124583 0.021875 0.030833
0 0.307031 0.076250 0.015104 0.029167
0 0.332031 0.055000 0.023438 0.071667
0 0.785156 0.036667 0.038021 0.060000
0 0.841667 0.047083 0.033333 0.092500
0 0.419271 0.983750 0.048958 0.032500
0 0.460938 0.986667 0.018750 0.026667
0 0.480208 0.929167 0.028125 0.068333
0 0.260937 0.932917 0.035417 0.039167
0 0.198437 0.690417 0.014583 0.027500
0 0.228125 0.812083 0.013542 0.022500
0 0.322396 0.796667 0.016667 0.028333
0 0.314844 0.842083 0.011979 0.019167
0 0.344792 0.904583 0.018750 0.032500
0 0.440885 0.882083 0.020313 0.032500
0 0.293229 0.255000 0.017708 0.025000
0 0.274219 0.278333 0.021354 0.021667
0 0.531771 0.177083 0.015625 0.024167
0 0.491146 0.295417 0.016667 0.024167
0 0.472135 0.355833 0.032813 0.041667
0 0.011458 0.223333 0.021875 0.056667
0 0.010677 0.458750 0.013021 0.027500
0 0.005208 0.980833 0.009375 0.025000
0 0.883854 0.861250 0.035417 0.020833
