0 0.034375 0.421250 0.067708 0.127500
0 0.099219 0.096667 0.029687 0.041667
0 0.044271 0.038333 0.087500 0.075000
0 0.179948 0.249583 0.022396 0.029167
0 0.345573 0.225833 0.023438 0.025000
0 0.290625 0.613750 0.033333 0.062500
0 0.608594 0.447083 0.054688 0.107500
0 0.776042 0.109583 0.037500 0.079167
0 0.492708 0.061250 0.029167 0.050833
0 0.486198 0.160833 0.016146 0.028333
0 0.561458 0.168333 0.013542 0.021667
0 0.594792 0.317500 0.022917 0.018333
0 0.956771 0.620000 0.037500 0.073333
0 0.985677 0.787500 0.028646 0.035000
0 0.659375 0.639583 0.019792 0.035833
0 0.716927 0.819167 0.017188 0.053333
0 0.805990 0.785000 0.029687 0.033333
0 0.796354 0.694167 0.022917 0.031667
0 0.740625 0.671667 0.015625 0.030000
0 0.726042 0.622500 0.011458 0.016667
0 0.598698 0.810000 0.030729 0.066667
0 0.675781 0.934583 0.009896 0.020833
0 0.726302 0.963750 0.014063 0.025833
0 0.749219 0.812500 0.026562 0.031667
0 0.735156 0.783750 0.021354 0.022500
0 0.529948 0.826667 0.010937 0.021667
0 0.506250 0.671250 0.006250 0.022500
0 0.780990 0.240833 0.014063 0.021667
0 0.910937 0.248750 0.012500 0.019167
0 0.908333 0.501667 0.012500 0.026667
0 0.944010 0.128333 0.015104 0.026667
0 0.980208 0.024167 0.015625 0.021667
0 0.232813 0.045833 0.016667 0.021667
0 0.144271 0.834167 0.014583 0.021667
0 0.355469 0.771250 0.009896 0.022500
0 0.745313 0.323750 0.009375 0.020833
0 0.754687 0.274167 0.008333 0.021667
