0 0.503906 0.717500 0.094271 0.128333
0 0.636458 0.489583 0.088542 0.094167
0 0.641406 0.667500 0.081771 0.125000
0 0.815104 0.332083 0.042708 0.065833
0 0.728646 0.134167 0.059375 0.140000
0 0.894271 0.130833 0.101042 0.065000
0 0.101042 0.370417 0.056250 0.115833
0 0.030208 0.375417 0.023958 0.042500
0 0.097396 0.040000 0.083333 0.078333
0 0.099479 0.466250 0.031250 0.057500
0 0.097135 0.577917 0.044271 0.065833
0 0.160938 0.593333 0.041667 0.051667
0 0.227083 0.792083 0.031250 0.092500
0 0.254688 0.936667 0.085417 0.086667
0 0.324479 0.938750 0.027083 0.047500
0 0.398698 0.895417 0.074479 0.102500
0 0.104427 0.895417 0.027604 0.040833
0 0.490885 0.970833 0.046354 0.058333
0 0.786979 0.717917 0.042708 0.054167
0 0.869271 0.900000 0.037500 0.031667
0 0.966667 0.858750 0.042708 0.099167
0 0.988802 0.082500 0.022396 0.111667
0 0.537500 0.047083 0.146875 0.092500
0 0.398698 0.102917 0.050521 0.202500
0 0.354948 0.042917 0.046354 0.079167
0 0.281250 0.019583 0.068750 0.037500
0 0.402344 0.333750 0.046354 0.035833
0 0.257812 0.582500 0.020833 0.023333
0 0.528125 0.157500 0.034375 0.035000
0 0.570052 0.214167 0.028646 0.060000
0 0.866146 0.499167 0.039583 0.051667
0 0.896875 0.584167 0.020833 0.021667
0 0.261458 0.846250 0.029167 0.024167
0 0.165625 0.890417 0.022917 0.029167
0 0.536458 0.907083 0.031250 0.045833
0 0.470573 0.900000 0.016146 0.023333
0 0.477344 0.927500 0.017188 0.018333
0 0.721615 0.810833 0.023438 0.023333
0 0.970573 0.326250 0.058854 0.310833
0 0.973177 0.595000 0.053646 0.131667
0 0.990885 0.710833 0.018229 0.053333
0 0.990885 0.841667 0.018229 0.123333
0 0.983854 0.666667 0.018750 0.028333
0 0.028646 0.929583 0.017708 0.020833
0 0.064323 0.920417 0.011979 0.022500
0 0.054427 0.946250 0.010937 0.027500
0 0.214323 0.988750 0.035937 0.022500
0 0.450521 0.515833 0.026042 0.028333
0 0.571875 0.643333 0.016667 0.033333
0 0.814323 0.766667 0.008854 0.021667
0 0.231250 0.068750 0.017708 0.020833
0 0.236458 0.020833 0.016667 0.035000
0 0.084115 0.635833 0.026562 0.030000
0 0.262500 0.635417 0.011458 0.024167
