0 0.339062 0.317083 0.010417 0.025833
0 0.747917 0.217500 0.029167 0.051667
0 0.857031 0.376667 0.028646 0.031667
0 0.640885 0.256667 0.014063 0.028333
0 0.106510 0.947917 0.021354 0.020833
0 0.156250 0.949167 0.020833 0.021667
0 0.171615 0.936250 0.008854 0.019167
0 0.331771 0.749167 0.018750 0.030000
0 0.479167 0.903750 0.011458 0.019167
0 0.910417 0.432083 0.009375 0.015833
0 0.995052 0.535000 0.009896 0.028333
0 0.990104 0.475833 0.014583 0.018333
0 0.983333 0.283750 0.011458 0.024167
0 0.969010 0.587917 0.019271 0.014167
0 0.319531 0.331250 0.008854 0.014167
0 0.270313 0.987917 0.010417 0.015833
