0 0.114844 0.419583 0.043229 0.079167
0 0.367969 0.639583 0.108854 0.122500
0 0.423958 0.715833 0.032292 0.036667
0 0.445573 0.474167 0.032813 0.055000
0 0.429948 0.529167 0.020313 0.030000
0 0.360938 0.308333 0.027083 0.061667
0 0.365365 0.206667 0.054688 0.060000
0 0.330469 0.186667 0.015104 0.021667
0 0.210156 0.134167 0.027604 0.061667
0 0.243750 0.167083 0.023958 0.040833
0 0.310677 0.132500 0.010937 0.025000
0 0.156510 0.541667 0.017188 0.026667
0 0.357812 0.377083 0.025000 0.029167
0 0.411979 0.380000 0.011458 0.023333
0 0.473698 0.399583 0.014063 0.025833
0 0.573958 0.306667 0.011458 0.018333
0 0.055729 0.734583 0.031250 0.062500
0 0.079167 0.817083 0.036458 0.069167
0 0.407813 0.943750 0.021875 0.107500
0 0.273698 0.940833 0.165104 0.118333
0 0.213021 0.264167 0.015625 0.021667
