0 0.796094 0.397917 0.019271 0.039167
0 0.759375 0.737500 0.019792 0.016667
0 0.845313 0.695833 0.020833 0.028333
0 0.711198 0.813750 0.018229 0.030833
0 0.800781 0.966250 0.013021 0.024167
0 0.215625 0.455417 0.012500 0.015833
0 0.221094 0.490000 0.009896 0.013333
0 0.051042 0.085000 0.011458 0.015000
0 0.067187 0.180833 0.010417 0.020000
0 0.285156 0.712083 0.009896 0.010833
0 0.096354 0.332083 0.014583 0.024167
0 0.315365 0.984167 0.017188 0.015000
0 0.626042 0.754583 0.005208 0.012500
0 0.568229 0.579167 0.006250 0.011667
0 0.994531 0.535833 0.008854 0.020000
0 0.815625 0.477083 0.011458 0.034167
