0 0.918750 0.057083 0.051042 0.089167
0 0.657292 0.206250 0.054167 0.040833
0 0.093490 0.141667 0.113021 0.090000
0 0.298698 0.058333 0.151562 0.103333
0 0.431771 0.112500 0.102083 0.045000
0 0.396615 0.652500 0.026562 0.065000
0 0.191667 0.708750 0.026042 0.039167
0 0.155469 0.793333 0.025521 0.050000
0 0.214583 0.900000 0.036458 0.063333
0 0.148438 0.942917 0.033333 0.047500
0 0.310417 0.790000 0.009375 0.023333
0 0.348438 0.773333 0.014583 0.035000
0 0.075781 0.348333 0.020313 0.043333
0 0.054427 0.239167 0.015104 0.025000
0 0.549479 0.241667 0.022917 0.035000
0 0.653385 0.302917 0.049479 0.064167
0 0.704948 0.375000 0.033854 0.048333
0 0.712240 0.435833 0.048438 0.065000
0 0.596094 0.375833 0.100521 0.131667
0 0.512240 0.387500 0.028646 0.071667
0 0.161719 0.023750 0.044271 0.045833
0 0.287240 0.371667 0.018229 0.025000
