0 0.422917 0.287500 0.095833 0.130000
0 0.559115 0.419167 0.151562 0.185000
0 0.817448 0.210417 0.134896 0.137500
0 0.809635 0.107500 0.032813 0.045000
0 0.842187 0.054167 0.029167 0.046667
0 0.579167 0.095833 0.053125 0.028333
0 0.629427 0.082500 0.008854 0.021667
0 0.600260 0.070417 0.015104 0.012500
0 0.788802 0.389167 0.048438 0.048333
0 0.745573 0.422500 0.023438 0.025000
0 0.067448 0.691667 0.064062 0.133333
0 0.202604 0.777917 0.029167 0.054167
0 0.263021 0.742917 0.052083 0.067500
0 0.380208 0.844167 0.052083 0.058333
0 0.034115 0.977083 0.042188 0.040833
0 0.091667 0.982083 0.039583 0.035833
0 0.531510 0.760417 0.047396 0.077500
0 0.621354 0.649583 0.032292 0.047500
0 0.615885 0.695000 0.014063 0.025000
0 0.673177 0.645000 0.056771 0.096667
0 0.761198 0.697500 0.102604 0.225000
0 0.828125 0.799583 0.028125 0.070833
0 0.875521 0.816250 0.035417 0.070833
0 0.877344 0.725833 0.088021 0.081667
0 0.661198 0.744583 0.049479 0.059167
0 0.687240 0.796250 0.014063 0.022500
0 0.763802 0.882083 0.021354 0.022500
0 0.695312 0.883333 0.035417 0.073333
0 0.672135 0.986250 0.038021 0.027500
0 0.655990 0.877917 0.041146 0.140833
0 0.748177 0.906250 0.016146 0.022500
0 0.720833 0.910833 0.008333 0.018333
0 0.738542 0.941250 0.009375 0.017500
0 0.557813 0.570833 0.014583 0.021667
0 0.534635 0.515417 0.018229 0.027500
0 0.705990 0.518333 0.008854 0.016667
0 0.665365 0.595417 0.014063 0.019167
0 0.284896 0.891667 0.027083 0.015000
0 0.274479 0.930417 0.012500 0.019167
