0 0.349479 0.396667 0.077083 0.188333
0 0.113542 0.243333 0.062500 0.133333
0 0.408854 0.163333 0.109375 0.161667
0 0.838281 0.430417 0.080729 0.140833
0 0.817969 0.251250 0.045312 0.215833
0 0.900000 0.108333 0.051042 0.111667
0 0.864323 0.130417 0.024479 0.045833
0 0.875521 0.534167 0.022917 0.065000
0 0.785937 0.629583 0.037500 0.069167
0 0.105990 0.563333 0.204687 0.345000
0 0.236719 0.726250 0.189062 0.254167
0 0.464844 0.782917 0.393229 0.434167
0 0.450781 0.437083 0.121354 0.200833
0 0.717448 0.669167 0.061979 0.131667
0 0.942187 0.947500 0.064583 0.090000
0 0.964844 0.735000 0.070312 0.300000
0 0.878646 0.660833 0.034375 0.055000
0 0.889323 0.308750 0.030729 0.070833
0 0.709635 0.330417 0.032813 0.057500
0 0.032031 0.053750 0.063021 0.104167
0 0.184115 0.112500 0.216146 0.210000
0 0.753125 0.787500 0.033333 0.063333
0 0.764844 0.720000 0.024479 0.045000
0 0.833854 0.982917 0.041667 0.034167
