0 0.342708 0.490000 0.048958 0.105000
0 0.726823 0.851250 0.070312 0.117500
0 0.781250 0.937500 0.059375 0.105000
0 0.733073 0.607500 0.044271 0.046667
0 0.961198 0.661667 0.053646 0.100000
0 0.907813 0.980000 0.062500 0.040000
0 0.958594 0.960833 0.029687 0.033333
0 0.948177 0.460833 0.103646 0.198333
0 0.850781 0.306250 0.074479 0.250833
0 0.783594 0.360833 0.044271 0.118333
0 0.527604 0.097083 0.065625 0.119167
0 0.392708 0.335000 0.023958 0.051667
0 0.429948 0.379583 0.038021 0.072500
0 0.489063 0.318333 0.066667 0.100000
0 0.541927 0.322917 0.024479 0.037500
0 0.559635 0.202917 0.050521 0.077500
0 0.603906 0.119583 0.032813 0.075833
0 0.596875 0.178750 0.013542 0.030833
0 0.676823 0.040000 0.080729 0.063333
0 0.678125 0.134583 0.038542 0.070833
0 0.734115 0.161250 0.059896 0.184167
0 0.782813 0.111667 0.032292 0.050000
0 0.821354 0.074167 0.047917 0.073333
0 0.888281 0.113750 0.092188 0.224167
0 0.972135 0.152917 0.055729 0.289167
0 0.420833 0.922500 0.032292 0.075000
0 0.451042 0.886667 0.018750 0.051667
0 0.514583 0.966250 0.040625 0.054167
0 0.557292 0.978750 0.028125 0.042500
0 0.552083 0.855417 0.038542 0.044167
0 0.437500 0.980833 0.036458 0.033333
0 0.120573 0.042917 0.021354 0.022500
0 0.291406 0.541250 0.019271 0.020833
0 0.402083 0.385833 0.014583 0.026667
