0 0.567448 0.392500 0.107813 0.131667
0 0.757031 0.455833 0.049479 0.091667
0 0.558073 0.709167 0.089063 0.198333
0 0.273438 0.281250 0.047917 0.147500
0 0.235677 0.502083 0.053646 0.057500
0 0.142708 0.614583 0.093750 0.110833
0 0.308333 0.628750 0.040625 0.055833
0 0.163542 0.355833 0.041667 0.040000
0 0.138281 0.276250 0.023438 0.067500
0 0.046094 0.304583 0.033854 0.084167
0 0.063021 0.104583 0.025000 0.057500
0 0.572396 0.527500 0.034375 0.056667
0 0.452604 0.669167 0.029167 0.061667
0 0.702083 0.407083 0.022917 0.034167
0 0.706250 0.455833 0.025000 0.035000
0 0.692969 0.532500 0.027604 0.038333
0 0.656510 0.356667 0.022396 0.030000
0 0.791406 0.554167 0.195312 0.555000
0 0.125000 0.982083 0.017708 0.030833
0 0.636979 0.567500 0.038542 0.040000
0 0.381510 0.022500 0.022396 0.025000
0 0.862760 0.140000 0.020313 0.026667
0 0.941406 0.111667 0.020313 0.046667
0 0.003906 0.740417 0.006771 0.087500
