0 0.188281 0.673750 0.123438 0.097500
0 0.213542 0.942083 0.275000 0.097500
0 0.038021 0.857917 0.026042 0.020833
0 0.373437 0.744167 0.059375 0.058333
0 0.390104 0.786667 0.021875 0.026667
0 0.439844 0.805000 0.072396 0.095000
0 0.556250 0.852500 0.090625 0.080000
0 0.452604 0.947917 0.058333 0.084167
0 0.387500 0.976667 0.083333 0.046667
0 0.515365 0.971250 0.078646 0.057500
0 0.573177 0.930833 0.107813 0.036667
0 0.660937 0.974583 0.045833 0.050833
0 0.641406 0.841250 0.035937 0.059167
0 0.705469 0.942083 0.038021 0.064167
0 0.697135 0.852917 0.024479 0.047500
0 0.731250 0.954583 0.017708 0.027500
0 0.769271 0.972917 0.057292 0.049167
0 0.821094 0.990417 0.021354 0.019167
0 0.930208 0.953333 0.139583 0.093333
0 0.751563 0.800000 0.025000 0.025000
0 0.754167 0.837917 0.029167 0.020833
0 0.776823 0.806667 0.019271 0.056667
0 0.725260 0.676250 0.036979 0.075833
0 0.971354 0.639167 0.050000 0.038333
0 0.977344 0.759167 0.020313 0.045000
0 0.974219 0.795833 0.018229 0.021667
0 0.942187 0.700000 0.019792 0.026667
0 0.980729 0.536667 0.020833 0.036667
0 0.979427 0.315000 0.027604 0.040000
0 0.984896 0.114167 0.016667 0.031667
0 0.782031 0.479167 0.024479 0.041667
0 0.784115 0.532917 0.019271 0.049167
0 0.759115 0.512500 0.013021 0.035000
0 0.827865 0.385000 0.031771 0.041667
0 0.832552 0.417083 0.039062 0.030833
0 0.865885 0.348750 0.018229 0.047500
0 0.864323 0.404583 0.018229 0.049167
0 0.887760 0.664167 0.015104 0.026667
0 0.882812 0.603333 0.008333 0.023333
0 0.880729 0.498750 0.027083 0.030833
0 0.910677 0.490833 0.017188 0.028333
0 0.889583 0.731250 0.015625 0.020833
0 0.879427 0.444583 0.019271 0.019167
0 0.916927 0.192083 0.014063 0.025833
0 0.910156 0.226667 0.018229 0.023333
0 0.916146 0.308333 0.014583 0.020000
0 0.907031 0.626250 0.016146 0.015833
0 0.894531 0.567500 0.013021 0.031667
0 0.084375 0.880833 0.026042 0.020000
