0 0.548958 0.618333 0.021875 0.035000
0 0.489063 0.641667 0.022917 0.041667
0 0.374740 0.175417 0.038021 0.097500
0 0.034635 0.047083 0.041146 0.042500
0 0.068229 0.063333 0.013542 0.021667
0 0.416667 0.137083 0.029167 0.050833
0 0.411979 0.197917 0.028125 0.032500
0 0.416146 0.096667 0.022917 0.031667
0 0.386458 0.101250 0.014583 0.019167
0 0.425000 0.552500 0.012500 0.033333
0 0.431250 0.587083 0.014583 0.024167
0 0.142187 0.670000 0.026042 0.026667
0 0.146875 0.752917 0.027083 0.047500
0 0.178646 0.758750 0.027083 0.040833
0 0.162760 0.792917 0.023438 0.022500
0 0.805208 0.821250 0.019792 0.040833
0 0.838802 0.803333 0.018229 0.026667
0 0.838021 0.992083 0.037500 0.015833
0 0.845573 0.441667 0.013021 0.021667
0 0.812500 0.226667 0.012500 0.031667
0 0.054688 0.363750 0.029167 0.024167
0 0.097917 0.225833 0.016667 0.016667
