0 0.551562 0.655833 0.063542 0.218333
0 0.580729 0.823750 0.039583 0.039167
0 0.540365 0.876667 0.026562 0.030000
0 0.608854 0.927083 0.025000 0.035833
0 0.534115 0.789167 0.028646 0.035000
0 0.500521 0.786250 0.017708 0.025833
0 0.721875 0.626250 0.021875 0.064167
0 0.892708 0.673333 0.027083 0.040000
0 0.110156 0.825833 0.216146 0.165000
0 0.036719 0.970833 0.049479 0.048333
0 0.144531 0.992500 0.053646 0.015000
0 0.018229 0.667917 0.031250 0.039167
0 0.064323 0.657500 0.019271 0.015000
0 0.218229 0.132083 0.019792 0.050833
0 0.294271 0.085000 0.118750 0.163333
0 0.375000 0.060000 0.021875 0.038333
0 0.420573 0.147083 0.051562 0.057500
0 0.503385 0.108333 0.027604 0.033333
0 0.509896 0.030417 0.059375 0.059167
0 0.543490 0.072500 0.017188 0.025000
0 0.484896 0.138750 0.030208 0.054167
0 0.456510 0.267917 0.020313 0.032500
0 0.546615 0.250833 0.095312 0.235000
0 0.611979 0.203333 0.105208 0.220000
0 0.620052 0.046667 0.058854 0.091667
0 0.669010 0.098333 0.015104 0.043333
0 0.689844 0.076250 0.018229 0.049167
0 0.815885 0.108750 0.211979 0.202500
0 0.945052 0.140000 0.039062 0.076667
0 0.719792 0.245833 0.026042 0.040000
0 0.035937 0.186250 0.070833 0.109167
0 0.099219 0.187500 0.050521 0.053333
0 0.156771 0.587083 0.107292 0.090833
0 0.318750 0.438333 0.250000 0.310000
0 0.437760 0.469583 0.052604 0.052500
0 0.384375 0.535417 0.027083 0.035833
0 0.334115 0.603750 0.049479 0.030833
0 0.528125 0.465417 0.027083 0.039167
0 0.558073 0.447500 0.015104 0.030000
0 0.507552 0.400417 0.054688 0.042500
0 0.460677 0.422917 0.021354 0.024167
0 0.044010 0.522917 0.085938 0.234167
0 0.142708 0.397500 0.114583 0.208333
0 0.157812 0.276250 0.109375 0.107500
0 0.042969 0.348750 0.084896 0.110833
0 0.084375 0.275417 0.019792 0.025833
0 0.180469 0.210833 0.068229 0.060000
0 0.262500 0.236667 0.104167 0.161667
0 0.340885 0.192917 0.018229 0.087500
0 0.359896 0.260417 0.022917 0.032500
0 0.406510 0.288333 0.025521 0.030000
0 0.101042 0.098333 0.028125 0.031667
0 0.090885 0.032083 0.028646 0.044167
0 0.007812 0.104167 0.014583 0.036667
0 0.033854 0.121667 0.020833 0.040000
0 0.005729 0.029167 0.010417 0.030000
0 0.036979 0.040000 0.011458 0.016667
0 0.027344 0.056667 0.015104 0.016667
0 0.115625 0.016667 0.011458 0.025000
