0 0.690625 0.734167 0.066667 0.068333
0 0.620573 0.840833 0.042188 0.045000
0 0.765365 0.815833 0.028646 0.053333
0 0.797396 0.614167 0.012500 0.025000
0 0.515625 0.393333 0.023958 0.050000
0 0.544271 0.370833 0.011458 0.020000
0 0.509375 0.210000 0.018750 0.045000
0 0.427344 0.144167 0.061979 0.095000
0 0.417969 0.273750 0.015104 0.027500
0 0.310156 0.059583 0.070312 0.114167
0 0.291667 0.542917 0.178125 0.097500
0 0.249740 0.794583 0.056771 0.095833
0 0.136719 0.612917 0.130729 0.227500
0 0.229427 0.404167 0.089063 0.136667
0 0.175260 0.443750 0.031771 0.042500
0 0.162240 0.397917 0.031771 0.040833
0 0.107813 0.356667 0.022917 0.043333
0 0.036719 0.388750 0.014063 0.027500
0 0.097135 0.151250 0.051562 0.165833
0 0.011979 0.096250 0.022917 0.084167
0 0.021094 0.697083 0.023438 0.037500
0 0.125000 0.816250 0.031250 0.059167
0 0.006771 0.759583 0.011458 0.050833
0 0.672396 0.344167 0.016667 0.036667
0 0.374740 0.277917 0.016146 0.019167
0 0.020573 0.351667 0.008854 0.028333
0 0.004687 0.383750 0.008333 0.027500
0 0.028646 0.497917 0.017708 0.012500
0 0.910156 0.793333 0.017188 0.028333
0 0.690104 0.505833 0.012500 0.018333
0 0.396094 0.206250 0.017188 0.024167
0 0.186458 0.027917 0.017708 0.022500
0 0.270313 0.826250 0.014583 0.034167
0 0.227604 0.673750 0.010417 0.029167
