0 0.221094 0.322500 0.041146 0.058333
0 0.206510 0.446250 0.028646 0.030833
0 0.171615 0.401667 0.021354 0.046667
0 0.142969 0.464583 0.020313 0.084167
0 0.176042 0.453750 0.034375 0.050833
0 0.107813 0.650417 0.034375 0.060833
0 0.027604 0.458750 0.026042 0.045833
0 0.154167 0.117500 0.022917 0.031667
0 0.537500 0.460000 0.034375 0.043333
0 0.509896 0.496250 0.017708 0.020833
0 0.594792 0.531250 0.015625 0.042500
0 0.639583 0.422500 0.023958 0.043333
0 0.706250 0.613333 0.063542 0.090000
0 0.689844 0.341667 0.022396 0.025000
0 0.750000 0.282083 0.021875 0.030833
0 0.953906 0.737917 0.023438 0.064167
0 0.977083 0.703333 0.018750 0.021667
0 0.981250 0.787083 0.037500 0.054167
0 0.290625 0.857083 0.051042 0.089167
0 0.424740 0.930417 0.020313 0.027500
0 0.443490 0.946250 0.015104 0.022500
0 0.492969 0.370417 0.011979 0.017500
0 0.927344 0.600000 0.010937 0.016667
