0 0.080990 0.168333 0.030729 0.048333
0 0.160417 0.340833 0.013542 0.026667
0 0.142187 0.364583 0.012500 0.012500
0 0.250521 0.295833 0.022917 0.035000
0 0.222135 0.272500 0.010937 0.016667
0 0.444792 0.330417 0.029167 0.029167
0 0.558854 0.430833 0.018750 0.021667
0 0.623177 0.340417 0.013021 0.015833
0 0.624740 0.394167 0.007812 0.011667
0 0.700781 0.263750 0.025521 0.049167
0 0.749740 0.338750 0.021354 0.045833
0 0.960156 0.542917 0.072396 0.132500
0 0.677604 0.540000 0.011458 0.023333
0 0.638021 0.770000 0.021875 0.036667
0 0.519792 0.940000 0.020833 0.038333
0 0.403125 0.936250 0.008333 0.015833
0 0.425781 0.878750 0.010937 0.015833
0 0.051042 0.891667 0.016667 0.021667
0 0.310937 0.085833 0.010417 0.015000
0 0.295833 0.267917 0.013542 0.019167
0 0.697396 0.023750 0.017708 0.029167
